<svg version="1.1" id="Layer_1" xmlns="http://www.w3.org/2000/svg" xmlns:xlink="http://www.w3.org/1999/xlink" x="0px" y="0px" viewBox="0 0 1015 536" preserveAspectRatio="xMidYMid meet" enable-background="new 0 0 1015 536" xml:space="preserve">
<g transform="translate(0, 121) scale(0.504)">
<path fill="#00A2E8" opacity="1.000000" stroke="none" d="
M769.113525,203.043213 
	C775.425049,211.298447 781.736572,219.553665 788.272827,228.102905 
	C792.731750,224.863556 797.900330,220.800323 803.373840,217.200897 
	C812.752869,211.033264 823.163879,207.534988 834.277344,205.981979 
	C853.525635,203.292191 871.901550,206.299362 890.163757,212.786438 
	C906.261292,218.504593 920.675415,227.065170 935.086487,235.877960 
	C953.144653,221.969284 977.784790,223.836288 991.902100,240.964508 
	C992.080139,242.148544 991.987305,242.723602 992.208069,243.126846 
	C999.477112,256.398102 1000.003845,269.666534 993.100952,283.386871 
	C983.989441,301.497192 960.322754,309.911530 940.898010,297.995514 
	C938.518738,296.535980 935.570312,296.004181 932.885681,295.042419 
	C932.307800,294.577179 931.729858,294.111938 931.062439,292.995117 
	C928.536011,284.384216 926.204773,276.389160 923.540771,268.506592 
	C923.169250,267.407196 921.160583,266.861053 919.909790,266.058807 
	C919.909790,266.058807 919.989563,266.011749 919.978088,265.664001 
	C919.089294,263.856720 918.560059,261.890381 917.282715,261.013184 
	C895.975281,246.378571 873.275024,236.018661 846.503357,237.947662 
	C836.213440,238.689072 826.625488,241.363495 817.853577,246.747269 
	C805.543579,254.302475 797.678650,265.761414 790.982483,278.120026 
	C783.930664,291.134888 776.335510,303.806885 765.950500,314.439026 
	C753.554199,327.130280 739.244873,337.237701 722.779114,344.091125 
	C708.750793,349.929962 694.189392,353.507446 678.958679,353.981903 
	C665.079407,354.414246 651.611023,351.922272 638.472412,347.649414 
	C624.924072,343.243286 611.987793,337.432312 599.820679,329.977295 
	C593.821533,326.301544 587.894470,322.505402 581.839600,318.924652 
	C578.571655,316.992035 575.344788,317.432220 573.071533,320.586578 
	C571.719543,322.462646 570.619019,324.837585 574.118713,326.038574 
	C578.614319,331.392426 582.708740,337.160156 587.702393,342.000092 
	C594.657471,348.741058 602.121399,354.990448 609.657166,361.092529 
	C630.300598,377.808716 653.120667,390.605713 679.416687,395.516052 
	C697.404968,398.875061 715.705017,399.272003 730.654968,385.900574 
	C735.516052,381.552673 739.158997,375.724640 742.882080,370.249268 
	C748.911926,361.381317 753.965210,351.787506 760.565186,343.391968 
	C764.611084,338.245300 770.389893,334.138214 776.061157,330.657013 
	C789.211548,322.584869 803.653198,317.095306 819.177612,318.355896 
	C827.489502,319.030823 832.190979,316.755829 837.999023,311.082062 
	C847.002991,302.286346 857.993591,303.118561 868.901794,310.375336 
	C869.845276,311.003021 870.781738,311.641052 871.875854,312.988464 
	C872.509705,315.456329 873.062500,317.193665 873.457275,318.966156 
	C877.387634,336.615326 866.367126,348.073486 851.230896,347.824310 
	C845.550964,347.730835 838.775574,346.112854 836.376160,340.540375 
	C832.226318,330.902832 825.376648,328.702850 816.092102,329.964844 
	C814.294922,330.209137 812.436096,329.997345 810.605713,330.000458 
	C803.234741,330.012909 802.772461,330.693695 806.120605,337.240509 
	C814.891663,354.390930 818.840149,372.669189 818.990051,391.839050 
	C819.050476,399.572296 819.044800,407.306854 818.977112,415.039978 
	C818.951538,417.957245 819.423645,420.384705 822.833435,420.999969 
	C823.501648,421.788971 824.020081,422.836487 824.862610,423.324799 
	C830.122620,426.373444 835.455139,429.297089 840.891357,432.984161 
	C842.012634,439.666748 843.809814,445.624878 843.827942,451.588379 
	C843.862671,463.030884 838.118835,471.386627 827.639648,476.122833 
	C816.900085,480.976746 806.905518,479.751953 797.800537,471.966858 
	C796.788879,471.101898 794.980713,471.168274 793.541992,470.802704 
	C793.541992,470.802704 793.342896,470.650665 793.496460,470.184082 
	C792.761658,463.910980 792.089661,458.060242 790.916321,452.311859 
	C789.982605,447.737946 788.163696,444.034119 782.848328,442.233948 
	C775.574951,439.770721 768.760864,435.975403 761.647888,432.994537 
	C760.178894,432.378967 758.261841,432.832520 756.551331,432.793274 
	C756.551331,432.793243 756.352234,432.653717 756.496521,432.208466 
	C756.318909,427.593750 753.165649,426.765472 749.909302,426.058899 
	C749.909302,426.058899 749.988892,426.011169 749.978271,425.667847 
	C746.928101,418.455017 743.996643,411.533691 740.750671,404.763123 
	C740.158020,403.526825 738.283081,402.905304 736.678345,401.864075 
	C734.473389,402.025604 732.573059,402.242188 730.709534,402.633972 
	C720.730469,404.731903 710.846680,407.963562 700.768555,408.759552 
	C683.035950,410.160126 666.021179,405.701233 649.507568,399.354370 
	C648.158875,398.836029 646.509583,399.099701 644.625000,399.000000 
	C643.500000,399.000000 642.750000,399.000000 641.658752,399.050049 
	C639.505127,401.616425 637.749207,404.175812 635.871033,406.641998 
	C625.158264,420.708252 614.398499,434.738800 603.731995,448.839874 
	C603.136353,449.627258 603.228149,450.934662 603.036499,452.346985 
	C604.087097,453.448730 605.101135,454.203552 606.115234,454.958344 
	C606.409790,455.404236 606.704285,455.850098 607.013000,456.976776 
	C607.202942,458.458374 607.188049,459.371185 607.582825,460.043335 
	C614.667725,472.104340 613.997803,484.313812 609.260681,497.070587 
	C602.912231,514.166443 579.164001,528.048523 558.879395,517.520203 
	C555.781067,515.912109 552.228210,515.179749 548.885559,514.042297 
	C547.655884,512.926758 546.426147,511.811188 545.084900,510.022095 
	C544.797607,508.546509 544.863525,507.557343 544.409363,506.970947 
	C538.930359,499.896362 538.877747,491.684814 538.875549,483.281677 
	C538.874329,478.839050 537.592773,474.396790 536.889282,469.954346 
	C541.328003,456.982849 549.839539,448.222656 563.160278,444.309052 
	C564.786316,443.831329 566.202026,442.637756 567.848389,441.137878 
	C567.973755,440.296021 567.965881,440.092224 567.957947,439.888397 
	C567.957947,439.888397 567.963257,439.463593 568.259888,439.086090 
	C569.341003,436.273346 570.939453,433.771515 570.746765,431.416168 
	C570.293274,425.872589 569.147217,420.364624 567.993469,414.903107 
	C563.846436,395.272827 556.317932,377.001282 545.470459,360.124847 
	C544.984741,359.369202 543.541260,359.229156 542.543884,358.802368 
	C542.543884,358.802368 542.350952,358.658020 542.497131,358.200378 
	C541.088379,352.892120 538.766052,352.650208 533.538757,357.016724 
	C511.863525,375.122772 488.331787,390.113281 461.782562,400.106689 
	C443.080414,407.146362 423.768982,411.893005 403.936829,413.805023 
	C392.962189,414.863068 381.781189,414.422302 370.731934,413.875275 
	C360.680603,413.377655 350.573242,412.415741 340.682770,410.607330 
	C321.686432,407.133942 303.489380,400.913239 285.820923,393.073975 
	C283.504822,392.046326 280.348114,392.391571 277.690247,392.804993 
	C275.115204,393.205475 272.668152,394.479309 270.187714,395.429169 
	C258.424255,399.933868 248.653152,407.200989 240.972961,417.134155 
	C231.474808,429.418579 223.329056,442.839569 210.594177,452.357483 
	C209.766006,452.976471 209.540955,454.895050 209.635071,456.164673 
	C209.939301,460.268402 210.847015,464.343750 210.943390,468.443665 
	C211.337250,485.196167 194.022476,496.305237 180.372009,492.241119 
	C175.868546,490.900299 171.395920,489.455902 166.909195,488.058899 
	C166.909195,488.058868 166.988541,488.011169 166.977783,487.661682 
	C165.507034,482.284027 163.622543,477.331299 162.712463,472.205505 
	C161.886475,467.553192 162.121353,462.712555 161.888519,457.954926 
	C166.946411,444.059906 183.007095,437.602142 197.367477,443.817169 
	C200.198853,445.042542 202.081985,445.111755 204.833023,442.898560 
	C214.462097,435.152222 221.066177,425.045990 227.996048,415.125336 
	C237.737747,401.179321 250.846100,391.484314 266.448395,384.950653 
	C268.105652,384.256683 269.468170,382.858765 271.202301,381.210449 
	C271.458923,376.845367 269.580902,376.328033 266.550293,377.795013 
	C266.550293,377.795013 266.351379,377.654266 266.496094,377.208221 
	C265.362152,372.544220 254.711502,365.094482 249.885635,365.042511 
	C249.541595,365.019257 249.277359,364.861938 249.031723,363.942322 
	C248.563828,359.984924 247.364960,357.875397 243.550110,359.793549 
	C243.550110,359.793549 243.355713,359.653992 243.501526,359.184509 
	C243.734970,355.926208 242.230286,354.598846 239.630142,355.059570 
	C236.434448,355.625763 233.122940,356.183685 230.190750,357.486328 
	C211.837128,365.640137 192.706192,370.728638 172.616531,370.821289 
	C162.773392,370.866699 152.848770,369.488739 143.088318,367.948364 
	C120.552490,364.391724 100.037437,355.283112 80.180443,344.360138 
	C75.609383,341.845673 71.521973,336.310730 64.746468,341.004028 
	C53.353077,348.896057 41.303600,348.909271 29.015673,342.629913 
	C27.194252,341.699127 24.722631,342.040680 22.551830,341.793579 
	C22.551830,341.793579 22.350147,341.653656 22.496826,341.208557 
	C22.346918,337.635101 21.182434,335.624573 17.542215,336.802734 
	C17.542215,336.802734 17.340153,336.650726 17.493168,336.199402 
	C16.098425,331.129852 13.695501,326.601471 13.198627,321.872803 
	C12.406770,314.336823 12.896844,306.667328 12.784916,299.055145 
	C12.779458,298.683929 12.200771,298.321167 11.889015,297.954468 
	C16.143742,284.835144 31.855824,275.207550 44.057983,274.812225 
	C56.988712,274.393280 67.451965,278.941406 76.896164,287.966614 
	C78.711342,295.308929 80.243149,301.992767 82.199875,308.549835 
	C82.614037,309.937683 84.581535,310.862061 85.833344,311.999969 
	C89.327408,314.685394 92.557861,317.840485 96.361076,319.975098 
	C112.916870,329.267395 130.532730,336.957214 149.334763,338.554169 
	C171.837158,340.465393 194.521500,340.354828 216.056549,330.198578 
	C234.774780,321.370758 251.670746,310.025940 267.964478,297.538422 
	C269.252380,296.551361 270.576630,295.611603 272.657013,294.081207 
	C265.727844,287.178772 258.980255,280.457214 252.102386,273.034515 
	C251.523804,270.477966 251.964355,267.758606 248.536789,268.799072 
	C248.536789,268.799072 248.341965,268.648163 248.493332,268.198364 
	C247.399582,266.518707 246.154449,265.288818 244.909332,264.058960 
	C244.909332,264.058960 244.988800,264.011322 244.977722,263.664154 
	C244.741516,260.823456 244.096603,258.729919 240.909302,259.058929 
	C240.909302,259.058929 240.988724,259.011353 240.977722,258.661621 
	C240.523041,256.458008 240.949692,253.754333 237.537094,254.799362 
	C237.537094,254.799362 237.340210,254.647552 237.494202,254.192474 
	C237.332291,251.995819 237.685104,249.546387 234.539291,250.800568 
	C234.539291,250.800568 234.342407,250.649765 234.493561,250.199158 
	C233.399597,248.518707 232.154480,247.288834 230.909363,246.058975 
	C230.909363,246.058975 230.988785,246.011459 230.977646,245.663208 
	C230.751724,242.796677 230.058258,240.735626 226.885651,241.042542 
	C223.997131,238.268921 221.108612,235.495300 218.095306,232.017929 
	C217.563812,227.985016 216.365067,225.875290 212.550095,227.793564 
	C212.550095,227.793564 212.351212,227.653229 212.495575,227.209808 
	C211.847260,225.481354 211.357132,223.696655 210.207764,223.000687 
	C205.986633,220.444702 201.537689,218.266739 197.191071,215.915833 
	C190.668137,212.387848 185.072784,212.288391 178.578552,217.359634 
	C169.495804,224.452194 159.140091,222.796722 149.546463,217.542007 
	C144.958481,215.029037 141.488373,210.860413 141.175980,205.410187 
	C140.727783,197.590179 140.995438,189.729141 140.957489,181.885620 
	C143.902130,173.527771 151.000458,170.319901 158.614258,168.063751 
	C169.632080,164.798935 179.012115,168.855148 187.875946,175.979599 
	C189.362061,183.465683 190.520126,190.290085 192.159210,196.996948 
	C192.535934,198.538498 194.564804,199.676270 195.833359,200.999863 
	C197.113861,202.004532 198.245270,203.401154 199.697784,203.953568 
	C215.172806,209.839340 228.250427,218.876785 238.592316,231.982224 
	C248.939331,245.094131 259.525116,258.030548 270.403229,270.703125 
	C273.989502,274.880951 278.690735,278.161438 283.160339,281.477234 
	C284.214935,282.259583 286.856323,282.182434 287.984222,281.388123 
	C299.037140,273.604401 309.924103,265.585052 321.349091,257.245361 
	C321.894470,255.577057 322.293884,254.191879 321.943817,253.033096 
	C320.408630,247.950974 318.387085,243.005661 317.031250,237.881271 
	C311.944244,218.654984 311.748718,198.819763 311.325867,179.203735 
	C311.014099,164.740829 308.837433,150.149567 311.848877,135.613815 
	C312.808746,130.980850 312.101990,125.978310 311.970062,121.150009 
	C311.826538,115.896309 308.560822,112.079460 303.705383,109.970581 
	C298.895264,107.881378 294.395508,105.086510 289.642792,102.849472 
	C288.519318,102.320679 286.927917,102.786095 285.551758,102.794159 
	C285.551758,102.794159 285.345673,102.648514 285.496887,102.192947 
	C285.332336,99.995789 285.685150,97.546448 282.539337,98.800568 
	C282.539337,98.800568 282.338745,98.648567 282.492188,98.202042 
	C281.112457,93.971809 278.625793,90.283707 278.234924,86.385468 
	C277.278809,76.849281 273.972351,67.267502 277.596863,57.592342 
	C277.747101,57.191238 277.141846,56.507122 276.888580,55.954857 
	C281.883820,43.662453 291.760071,36.562893 303.844116,33.309532 
	C320.265442,28.888449 335.116730,33.457390 347.962585,44.495102 
	C348.795074,45.210388 349.322418,46.280762 350.009583,47.924919 
	C351.350037,52.560291 353.039917,56.375229 353.925598,60.368530 
	C356.482361,71.896156 354.942383,82.965576 348.992889,93.787216 
	C350.394043,94.865051 351.754791,95.911797 353.115540,96.958542 
	C358.567413,104.696411 365.145905,111.262428 372.541016,117.224930 
	C381.159821,124.174019 391.092926,128.017929 401.456635,130.883728 
	C411.103302,133.551254 420.957611,135.467804 431.661407,137.931534 
	C433.142120,134.283936 435.449768,129.709869 436.865021,124.874580 
	C439.554321,115.686508 445.772247,109.264442 452.446075,102.963280 
	C461.035522,94.853485 471.355133,90.551567 482.659546,87.927559 
	C495.079987,85.044495 507.487671,85.092735 519.670837,88.461006 
	C528.062256,90.780960 536.127808,94.279602 543.932556,97.104355 
	C546.032837,91.058876 547.699280,84.106735 550.824890,77.887993 
	C553.788940,71.990784 558.058472,66.685440 562.187927,61.463055 
	C564.563599,58.458630 565.745544,56.234245 563.859375,52.210133 
	C555.901184,35.231087 565.300842,18.232229 581.597595,13.517830 
	C598.399597,8.657265 614.764282,22.136501 615.153625,38.196011 
	C615.533630,53.868771 606.180359,65.676460 592.044556,68.334671 
	C587.550598,69.179749 582.763550,68.466812 576.945740,68.466812 
	C570.308960,75.532669 563.253662,83.916168 561.619629,95.666931 
	C560.389343,104.513741 563.094849,112.041199 568.354675,118.803276 
	C578.282288,131.566269 591.869080,138.532822 607.180420,142.498810 
	C608.372253,142.807541 610.236145,141.962601 611.308899,141.075089 
	C629.510803,126.016357 647.026611,110.045273 665.953796,95.969894 
	C684.353455,82.286865 704.993652,72.095116 726.549622,63.977581 
	C744.736511,57.128773 763.504089,52.485073 782.736267,50.162128 
	C794.764709,48.709274 806.966125,48.688477 819.646729,48.271332 
	C820.366577,48.736141 820.576538,48.890999 820.833435,48.982143 
	C828.637329,51.973217 830.716980,50.942966 835.245728,44.569824 
	C843.165710,33.424316 853.694824,26.637758 867.745422,24.834723 
	C883.544250,22.807337 895.974182,29.179659 907.894653,38.940941 
	C908.717896,40.396580 909.407166,41.170635 910.096436,41.944687 
	C910.096436,41.944687 910.018555,41.989513 910.026611,42.318047 
	C910.728271,43.417198 911.421814,44.187817 912.115356,44.958435 
	C913.079529,46.398880 914.043701,47.839321 914.719727,49.675468 
	C914.129272,50.698917 913.425659,51.460415 913.583740,51.934818 
	C917.321960,63.154327 916.921631,74.231918 913.129944,85.396149 
	C907.890076,100.824532 891.900940,113.001640 876.021545,112.909782 
	C871.963806,112.886322 870.158569,114.551804 868.766052,118.087463 
	C866.229065,124.529114 863.598938,130.982819 860.370300,137.094849 
	C846.474487,163.401093 824.695374,180.677887 797.078369,190.730621 
	C788.406921,193.887085 779.222778,195.621643 770.322754,198.179047 
	C769.101685,198.529907 768.168091,199.880814 767.101379,200.768738 
	C767.772095,201.526901 768.442810,202.285065 769.113525,203.043213 
M449.966644,197.311401 
	C449.522888,195.455963 449.947540,192.751266 446.334625,193.647003 
	C446.334625,193.647003 446.196259,193.437256 446.636505,192.763199 
	C442.184204,182.723190 437.764526,172.668243 433.195526,162.681610 
	C432.931580,162.104691 431.453766,162.083145 430.338287,161.650818 
	C430.338287,161.650818 430.198273,161.439545 430.640137,160.739716 
	C430.337341,158.986679 430.680573,156.550934 427.346039,157.654541 
	C427.346039,157.654541 427.201599,157.463150 427.639801,156.728073 
	C427.436005,153.157349 425.713776,152.223190 422.345795,153.653091 
	C422.345795,153.653091 422.196991,153.455475 422.633606,152.772247 
	C421.589233,151.261948 420.869202,149.176682 419.430634,148.365219 
	C416.727875,146.840622 413.692993,145.638123 410.650543,145.027832 
	C396.330200,142.155304 382.196899,138.913971 369.540649,131.069214 
	C366.614624,129.255539 363.119232,128.360458 359.274414,126.721664 
	C358.173248,125.311386 357.246246,123.707535 355.936523,122.529076 
	C352.703674,119.620247 349.295288,116.906494 345.973053,113.341194 
	C343.912292,105.667641 341.532440,104.498528 334.754242,107.591789 
	C332.195526,108.759468 329.546509,110.082390 326.819580,110.449181 
	C322.265106,111.061790 321.213776,113.991707 321.032806,117.698715 
	C320.620575,126.143410 319.917358,134.602524 320.082123,143.041153 
	C320.499878,164.437943 320.659424,185.877213 322.265900,207.198257 
	C323.125977,218.613205 326.650391,229.845215 329.279694,241.087906 
	C329.632080,242.594666 331.792328,243.678635 333.757721,245.333511 
	C334.077606,249.799789 336.670593,247.746964 338.469604,246.795258 
	C351.861664,239.710526 365.455719,232.873352 380.267548,229.545410 
	C392.165588,226.872116 404.408661,224.490326 416.521179,224.376526 
	C427.957733,224.269058 439.483917,226.955292 450.862396,229.011932 
	C467.540527,232.026489 482.758545,238.972870 497.194458,247.673950 
	C499.936920,249.326920 501.751282,248.942337 503.992065,246.639542 
	C510.482269,239.969788 517.241211,233.561523 524.492004,226.548752 
	C526.251404,221.476654 523.044495,221.729523 519.777771,222.231262 
	C499.482727,225.348465 481.182831,220.577133 464.526398,208.686172 
	C462.044250,206.914185 458.785400,206.230087 455.353668,204.848358 
	C454.888275,204.270340 454.422852,203.692337 453.972198,202.338730 
	C453.741852,199.845322 453.113098,197.730118 449.989044,198.011292 
	C449.989044,198.011292 449.941071,198.090698 449.966644,197.311401 
M594.351257,368.654541 
	C594.351257,368.654541 594.201904,368.463928 594.637390,367.736725 
	C594.741638,363.358154 591.611938,364.014648 588.268372,363.770966 
	C586.260376,361.437286 584.435242,358.910095 582.209229,356.807190 
	C576.216797,351.146210 570.053223,345.666290 563.971008,339.325348 
	C563.759827,336.735931 562.962280,334.666687 559.779907,335.042908 
	C554.200867,335.702454 550.314697,343.607574 553.096741,348.596771 
	C555.118774,352.223083 557.261719,355.784821 559.194397,359.457672 
	C570.768921,381.453766 578.246948,404.554504 579.315918,429.654846 
	C579.468628,433.240784 577.402344,439.271576 583.995605,441.753021 
	C589.412354,446.118835 591.190674,446.102173 595.228455,441.236115 
	C599.292175,436.338715 603.413208,431.464325 607.119568,426.300293 
	C614.029114,416.673248 620.738831,406.898193 627.283813,397.020508 
	C628.003601,395.934174 627.105408,393.775696 626.972168,391.339050 
	C626.114502,389.879486 625.598145,387.944550 624.340698,387.041779 
	C618.572144,382.900299 612.727478,378.825867 606.621155,375.216125 
	C604.592102,374.016693 603.023376,370.157227 599.350769,372.654358 
	C599.350769,372.654358 599.201599,372.463104 599.639771,371.728058 
	C599.435974,368.157623 597.714050,367.223053 594.351257,368.654541 
M457.034851,181.646286 
	C457.728424,182.417023 458.421967,183.187759 459.751984,184.251389 
	C463.079559,188.245697 465.967163,192.738174 469.818604,196.139267 
	C480.620209,205.677826 493.351868,211.574585 507.842682,211.864609 
	C526.221558,212.232437 542.194214,204.994522 556.003540,193.335083 
	C565.831116,185.037460 575.033630,175.986832 584.328125,167.077271 
	C587.852173,163.699234 590.852661,159.775024 593.832642,156.393829 
	C576.073792,148.351669 565.473328,141.736771 549.970886,122.319267 
	C549.899109,118.126564 547.213684,117.652550 543.988892,118.010933 
	C543.988892,118.010933 543.940979,118.090553 543.966492,117.316071 
	C543.395813,115.985817 543.199585,114.023499 542.193726,113.427696 
	C535.568787,109.503181 529.172729,104.415009 521.952087,102.417862 
	C499.523804,96.214432 477.558716,96.318527 458.917664,113.146408 
	C453.389130,118.137222 448.744202,124.043701 447.347443,132.331177 
	C446.587219,133.367233 445.383667,134.306625 445.133453,135.453918 
	C441.576294,151.764374 446.043793,166.342499 455.048096,179.863937 
	C455.424011,180.428467 456.399963,180.593414 457.018524,180.989700 
	C457.018524,180.989700 457.058960,180.909241 457.034851,181.646286 
M755.345398,214.652344 
	C755.345398,214.652344 755.197021,214.455475 755.633667,213.772308 
	C754.880615,212.422348 754.426208,210.270142 753.323486,209.859711 
	C748.255920,207.973679 743.092285,205.689072 737.806213,205.181808 
	C726.327881,204.080338 715.605164,207.833237 704.959167,211.819748 
	C686.132202,218.869705 668.835938,228.523239 653.260742,241.210495 
	C645.686462,247.380310 637.939880,253.407196 630.916443,260.168823 
	C619.665466,271.000305 608.909546,282.348999 598.058899,293.589539 
	C596.592285,295.108856 595.894531,297.242004 599.031250,298.753723 
	C599.824158,299.759155 600.419250,301.075470 601.439087,301.724152 
	C622.655579,315.219604 644.758911,325.111664 670.962280,324.295105 
	C687.903625,323.767212 703.545471,320.854340 718.316956,312.403625 
	C731.381042,304.929718 741.118225,294.277557 749.369629,282.087921 
	C757.757751,269.696350 765.811340,257.077026 773.886108,244.477051 
	C774.510376,243.502930 774.699768,241.566605 774.149597,240.631744 
	C769.882812,233.382477 765.384277,226.269592 760.970703,218.313873 
	C760.563232,214.981705 759.360718,212.875275 755.345398,214.652344 
M651.013855,156.021103 
	C651.013855,156.021103 650.994446,156.069748 651.915100,156.010620 
	C656.674988,155.673767 661.434021,155.061966 666.194885,155.047562 
	C687.035645,154.984512 705.986389,160.441879 722.035278,174.396988 
	C723.298035,175.495056 725.685425,176.022293 727.389893,175.762711 
	C734.131165,174.736069 740.823242,173.361496 747.506714,171.985199 
	C761.920227,169.017059 776.408630,167.028549 790.328308,161.273987 
	C817.218750,150.157257 830.942932,128.435471 841.068604,103.637222 
	C839.821289,102.224770 838.889465,101.169617 837.973450,99.349968 
	C835.893494,95.047348 833.396301,90.889862 831.836731,86.406235 
	C829.780273,80.493912 825.508728,78.806725 820.011230,79.031410 
	C805.943970,79.606308 791.777161,79.480469 777.844360,81.203957 
	C757.159729,83.762657 737.440369,90.328758 718.795715,99.674576 
	C692.821777,112.694237 670.275635,130.608017 648.770691,149.900574 
	C646.761353,151.703186 645.129761,154.220688 649.219666,156.643524 
	C649.831116,156.424789 650.442505,156.206055 651.013855,156.021103 
M515.348328,300.654114 
	C515.348328,300.654114 515.199097,300.460175 515.633179,299.766968 
	C515.148071,298.604279 514.986694,297.022552 514.120361,296.353149 
	C510.781860,293.773529 507.258118,291.424622 503.729431,289.102112 
	C497.038177,284.698120 495.805878,284.875977 490.173859,290.285065 
	C488.507416,291.885559 486.566986,293.196625 484.808777,294.706329 
	C467.258423,309.775970 448.681549,323.207764 427.469238,332.871429 
	C403.374634,343.848206 378.256958,347.754791 352.256195,343.704376 
	C332.304840,340.596344 313.641022,333.189392 296.311890,322.675842 
	C293.185394,320.779053 290.406281,320.448853 287.146118,322.829529 
	C279.380859,328.499908 271.372070,333.837006 263.454041,339.297699 
	C262.097076,340.233582 260.702515,341.114868 258.469604,342.584625 
	C261.250793,344.354645 262.542084,345.176453 263.990265,346.707947 
	C268.119659,349.765930 272.109680,353.036957 276.402740,355.844696 
	C294.166992,367.462677 313.882843,374.617371 334.253876,379.827637 
	C347.964630,383.334442 362.050873,384.754425 376.308289,384.051544 
	C388.547791,383.448151 401.011993,384.566895 413.017151,382.659912 
	C435.248016,379.128632 456.265442,371.552277 476.155640,360.579803 
	C496.566528,349.320068 513.987488,334.349213 531.335083,319.153900 
	C533.397583,317.347290 534.388367,315.399261 531.972046,312.338318 
	C531.354553,306.494659 525.337280,306.243195 522.131714,303.066315 
	C520.627930,301.575897 518.812012,298.298462 515.348328,300.654114 
M759.752625,413.251984 
	C761.320190,415.482788 762.536011,418.108582 764.518311,419.873444 
	C771.696960,426.264587 780.355713,430.005341 789.471313,432.702820 
	C790.799011,433.095703 792.776550,433.240479 793.755005,432.533539 
	C798.358887,429.207001 802.719299,425.543365 807.846619,421.909943 
	C808.787781,421.042847 810.685669,419.707001 810.525269,419.379517 
	C808.431030,415.104675 811.966064,411.558746 811.859680,407.759399 
	C811.643311,400.027222 811.040527,392.254730 809.862000,384.612183 
	C807.916626,371.996826 804.953735,359.577057 798.553711,348.350800 
	C797.328979,346.202606 794.808594,344.793060 792.429688,342.907318 
	C792.138123,342.722931 791.980774,342.458679 791.970947,341.323486 
	C790.542297,336.492554 788.597595,335.815247 784.107178,338.527649 
	C770.842346,346.540344 762.293091,358.613556 755.391907,372.049164 
	C749.209534,384.085388 747.677979,396.310577 754.865784,408.534668 
	C755.874023,410.249359 757.679138,411.495514 759.752625,413.251984 
M701.972778,179.350037 
	C701.033081,172.807968 695.176880,172.612183 690.738892,171.224335 
	C679.874451,167.826828 668.767517,167.401840 657.390808,168.878174 
	C642.889648,170.759964 629.244873,174.868851 616.525208,182.003647 
	C601.045166,190.686890 588.158813,202.632156 575.575012,214.933365 
	C570.967285,219.437668 566.428650,224.012650 561.820007,228.516052 
	C551.005554,239.083527 540.111389,249.570450 529.395386,260.236542 
	C527.612549,262.011047 526.319519,264.556824 530.031738,266.741669 
	C530.682556,267.658783 531.157166,268.807404 532.011292,269.457397 
	C541.077209,276.356720 550.203491,283.176727 558.422852,289.349915 
	C563.728027,284.584686 568.961060,280.196686 573.826111,275.432953 
	C579.480408,269.896393 584.642883,263.855347 590.331299,258.356567 
	C596.014221,252.863098 602.096069,247.783310 607.980164,242.496735 
	C615.529053,235.714432 622.624939,228.336334 630.696228,222.249557 
	C641.601318,214.025696 652.830994,206.047394 664.697937,199.337234 
	C675.931519,192.985229 688.185242,188.444214 699.929504,182.976028 
	C700.850098,182.547409 701.292847,181.092453 701.972778,179.350037 
M308.991974,313.721741 
	C317.268066,317.480103 325.231720,322.426849 333.896942,324.705322 
	C345.535492,327.765564 357.539612,328.678162 369.895905,327.262451 
	C387.966553,325.192017 404.857788,319.906799 420.925385,311.913239 
	C438.364349,303.237488 454.110535,291.916168 468.587128,278.873413 
	C470.180115,277.438202 471.507111,275.707794 472.972107,273.339539 
	C471.779022,271.778839 470.864380,269.810272 469.323792,268.758606 
	C467.309875,267.383881 464.798981,266.738770 462.505188,265.772064 
	C445.374084,258.552338 427.385925,255.427505 409.020660,257.222534 
	C387.261414,259.349274 367.068237,267.023987 348.730164,278.936249 
	C334.851868,287.951477 321.425964,297.664307 307.823547,307.102417 
	C304.139496,309.658630 304.344574,310.669006 308.991974,313.721741 
z"></path>
<path fill="#00A2E8" opacity="1.000000" stroke="none" d="
M167.048279,488.371887 
	C171.395920,489.455902 175.868546,490.900299 180.372009,492.241119 
	C194.022476,496.305237 211.337250,485.196167 210.943390,468.443665 
	C210.847015,464.343750 209.939301,460.268402 209.635071,456.164673 
	C209.540955,454.895050 209.766006,452.976471 210.594177,452.357483 
	C223.329056,442.839569 231.474808,429.418579 240.972961,417.134155 
	C248.653152,407.200989 258.424255,399.933868 270.187714,395.429169 
	C272.668152,394.479309 275.115204,393.205475 277.690247,392.804993 
	C280.348114,392.391571 283.504822,392.046326 285.820923,393.073975 
	C303.489380,400.913239 321.686432,407.133942 340.682770,410.607330 
	C350.573242,412.415741 360.680603,413.377655 370.731934,413.875275 
	C381.781189,414.422302 392.962189,414.863068 403.936829,413.805023 
	C423.768982,411.893005 443.080414,407.146362 461.782562,400.106689 
	C488.331787,390.113281 511.863525,375.122772 533.538757,357.016724 
	C538.766052,352.650208 541.088379,352.892120 542.423706,358.104889 
	C538.486023,360.793945 534.493591,362.778259 531.093384,365.501953 
	C503.683929,387.457825 473.465576,403.796051 439.122284,411.987396 
	C425.599335,415.212799 411.978333,417.274384 398.023254,418.278656 
	C380.278381,419.555695 363.011353,417.637939 345.580109,415.145477 
	C324.760468,412.168610 305.221161,405.417358 286.094238,397.070892 
	C284.688660,396.457581 282.802765,395.909576 281.463562,396.339203 
	C267.526428,400.810638 254.938507,407.621826 245.489487,419.100922 
	C240.101318,425.646790 235.527817,432.864899 230.115646,439.388916 
	C224.942596,445.624664 219.158386,451.353424 213.359528,457.610748 
	C218.881577,475.284271 211.663605,488.139771 200.586761,494.135590 
	C191.738113,498.925293 175.656937,498.485199 167.048279,488.371887 
z"></path>
<path fill="#00A2E8" opacity="1.000000" stroke="none" d="
M574.420776,325.908752 
	C570.619019,324.837585 571.719543,322.462646 573.071533,320.586578 
	C575.344788,317.432220 578.571655,316.992035 581.839600,318.924652 
	C587.894470,322.505402 593.821533,326.301544 599.820679,329.977295 
	C611.987793,337.432312 624.924072,343.243286 638.472412,347.649414 
	C651.611023,351.922272 665.079407,354.414246 678.958679,353.981903 
	C694.189392,353.507446 708.750793,349.929962 722.779114,344.091125 
	C739.244873,337.237701 753.554199,327.130280 765.950500,314.439026 
	C776.335510,303.806885 783.930664,291.134888 790.982483,278.120026 
	C797.678650,265.761414 805.543579,254.302475 817.853577,246.747269 
	C826.625488,241.363495 836.213440,238.689072 846.503357,237.947662 
	C873.275024,236.018661 895.975281,246.378571 917.282715,261.013184 
	C918.560059,261.890381 919.089294,263.856720 919.953857,265.703491 
	C908.769531,260.100861 897.965881,253.243622 886.344788,248.313507 
	C866.150452,239.746307 845.275208,238.761002 825.012817,248.214233 
	C816.132812,252.357132 808.730774,259.152100 803.292053,267.458221 
	C796.614624,277.656281 790.377136,288.147980 784.123901,298.616913 
	C775.920837,312.350250 764.942810,323.430756 752.234619,332.979309 
	C738.663086,343.176575 723.541992,350.137482 707.192444,354.302612 
	C691.139648,358.392090 674.957581,359.114288 658.435730,356.329956 
	C631.184509,351.737335 607.245422,339.883026 584.942322,324.289825 
	C580.367676,321.091461 577.606689,321.659851 574.420776,325.908752 
z"></path>
<path fill="#00A2E8" opacity="1.000000" stroke="none" d="
M769.520203,203.023438 
	C768.442810,202.285065 767.772095,201.526901 767.101379,200.768738 
	C768.168091,199.880814 769.101685,198.529907 770.322754,198.179047 
	C779.222778,195.621643 788.406921,193.887085 797.078369,190.730621 
	C824.695374,180.677887 846.474487,163.401093 860.370300,137.094849 
	C863.598938,130.982819 866.229065,124.529114 868.766052,118.087463 
	C870.158569,114.551804 871.963806,112.886322 876.021545,112.909782 
	C891.900940,113.001640 907.890076,100.824532 913.129944,85.396149 
	C916.921631,74.231918 917.321960,63.154327 913.583740,51.934818 
	C913.425659,51.460415 914.129272,50.698917 914.775757,50.016815 
	C920.792603,58.931328 920.604858,68.850960 919.583679,78.818054 
	C918.658936,87.843483 914.593140,95.736145 908.754517,102.374077 
	C901.076355,111.103592 891.395691,116.816383 879.370789,116.879822 
	C875.458252,116.900467 873.828064,117.897285 872.482971,121.750397 
	C867.390991,136.336975 859.591919,149.365982 849.467285,161.175400 
	C833.172729,180.181335 812.687500,191.912094 788.716309,198.099625 
	C782.448792,199.717422 776.189819,201.368088 769.520203,203.023438 
z"></path>
<path fill="#00A2E8" opacity="1.000000" stroke="none" d="
M22.723785,342.052521 
	C24.722631,342.040680 27.194252,341.699127 29.015673,342.629913 
	C41.303600,348.909271 53.353077,348.896057 64.746468,341.004028 
	C71.521973,336.310730 75.609383,341.845673 80.180443,344.360138 
	C100.037437,355.283112 120.552490,364.391724 143.088318,367.948364 
	C152.848770,369.488739 162.773392,370.866699 172.616531,370.821289 
	C192.706192,370.728638 211.837128,365.640137 230.190750,357.486328 
	C233.122940,356.183685 236.434448,355.625763 239.630142,355.059570 
	C242.230286,354.598846 243.734970,355.926208 243.426743,359.091125 
	C240.635834,359.698364 237.700745,359.202240 235.554382,360.278748 
	C221.591736,367.281647 206.726532,371.604126 191.449707,373.770203 
	C175.785217,375.991272 160.061508,375.154449 144.285355,372.329315 
	C122.979378,368.513916 103.414833,360.514832 84.386345,350.733276 
	C81.782288,349.394623 79.016586,348.119385 76.864799,346.207947 
	C73.191696,342.945038 70.293625,343.463287 66.287453,346.009735 
	C53.572212,354.091827 34.523209,352.671387 22.723785,342.052521 
z"></path>
<path fill="#00A2E8" opacity="1.000000" stroke="none" d="
M822.904053,420.540131 
	C819.423645,420.384705 818.951538,417.957245 818.977112,415.039978 
	C819.044800,407.306854 819.050476,399.572296 818.990051,391.839050 
	C818.840149,372.669189 814.891663,354.390930 806.120605,337.240509 
	C802.772461,330.693695 803.234741,330.012909 810.605713,330.000458 
	C812.436096,329.997345 814.294922,330.209137 816.092102,329.964844 
	C825.376648,328.702850 832.226318,330.902832 836.376160,340.540375 
	C838.775574,346.112854 845.550964,347.730835 851.230896,347.824310 
	C866.367126,348.073486 877.387634,336.615326 873.457275,318.966156 
	C873.062500,317.193665 872.509705,315.456329 872.036255,313.294067 
	C878.623657,317.520416 879.074768,329.534790 877.153564,335.478516 
	C871.877197,351.801971 852.859985,356.573151 840.816162,348.150909 
	C837.367310,345.739105 834.503418,342.050781 832.352112,338.373901 
	C830.849976,335.806488 829.039429,334.260986 826.563904,334.131592 
	C820.473145,333.813324 814.354553,334.027435 807.391296,334.027435 
	C810.085876,339.984924 813.101868,345.074738 814.719421,350.575714 
	C817.593567,360.350006 820.045654,370.296356 821.862244,380.317902 
	C823.230774,387.867615 823.636536,395.637054 823.892456,403.327972 
	C824.077698,408.895721 823.314819,414.495056 822.904053,420.540131 
z"></path>
<path fill="#00A2E8" opacity="1.000000" stroke="none" d="
M285.721313,103.049927 
	C286.927917,102.786095 288.519318,102.320679 289.642792,102.849472 
	C294.395508,105.086510 298.895264,107.881378 303.705383,109.970581 
	C308.560822,112.079460 311.826538,115.896309 311.970062,121.150009 
	C312.101990,125.978310 312.808746,130.980850 311.848877,135.613815 
	C308.837433,150.149567 311.014099,164.740829 311.325867,179.203735 
	C311.748718,198.819763 311.944244,218.654984 317.031250,237.881271 
	C318.387085,243.005661 320.408630,247.950974 321.943817,253.033096 
	C322.293884,254.191879 321.894470,255.577057 321.503296,256.927612 
	C314.924896,243.812119 311.455200,229.851822 310.057098,215.406799 
	C309.076233,205.272171 308.470398,195.090546 308.047791,184.915329 
	C307.512543,172.028534 307.049347,159.126053 307.090240,146.232040 
	C307.122650,136.017075 307.961334,125.804657 308.356079,117.416489 
	C300.015015,112.177315 292.952972,107.741501 285.721313,103.049927 
z"></path>
<path fill="#00A2E8" opacity="1.000000" stroke="none" d="
M933.028442,295.355164 
	C935.570312,296.004181 938.518738,296.535980 940.898010,297.995514 
	C960.322754,309.911530 983.989441,301.497192 993.100952,283.386871 
	C1000.003845,269.666534 999.477112,256.398102 992.208069,243.126846 
	C991.987305,242.723602 992.080139,242.148544 992.034546,241.269516 
	C1000.557800,249.980682 1002.981567,260.924255 1001.539917,272.929932 
	C1000.567261,281.029572 996.818726,288.103546 991.823608,294.283478 
	C986.470703,300.906097 979.088196,305.056732 970.829590,306.864441 
	C956.366272,310.030365 943.870483,305.640076 933.028442,295.355164 
z"></path>
<path fill="#00A2E8" opacity="1.000000" stroke="none" d="
M549.028625,514.355347 
	C552.228210,515.179749 555.781067,515.912109 558.879395,517.520203 
	C579.164001,528.048523 602.912231,514.166443 609.260681,497.070587 
	C613.997803,484.313812 614.667725,472.104340 607.582825,460.043335 
	C607.188049,459.371185 607.202942,458.458374 607.034729,457.271515 
	C614.910339,465.229492 617.973206,475.444458 616.804932,486.484619 
	C615.653320,497.367310 611.134766,506.988922 602.858826,514.730469 
	C587.839844,528.779724 563.119995,528.710815 549.028625,514.355347 
z"></path>
<path fill="#00A2E8" opacity="1.000000" stroke="none" d="
M140.620697,182.050903 
	C140.995438,189.729141 140.727783,197.590179 141.175980,205.410187 
	C141.488373,210.860413 144.958481,215.029037 149.546463,217.542007 
	C159.140091,222.796722 169.495804,224.452194 178.578552,217.359634 
	C185.072784,212.288391 190.668137,212.387848 197.191071,215.915833 
	C201.537689,218.266739 205.986633,220.444702 210.207764,223.000687 
	C211.357132,223.696655 211.847260,225.481354 212.420746,227.113815 
	C205.290710,224.240570 198.450150,220.850327 191.413055,217.934296 
	C189.904816,217.309296 187.204330,217.774719 185.867554,218.799896 
	C172.960632,228.698212 157.569946,228.852600 145.624710,217.882141 
	C137.264893,210.204498 135.429733,199.868744 137.652817,188.908707 
	C138.122070,186.595154 139.386078,184.442810 140.620697,182.050903 
z"></path>
<path fill="#00A2E8" opacity="1.000000" stroke="none" d="
M793.700562,471.078369 
	C794.980713,471.168274 796.788879,471.101898 797.800537,471.966858 
	C806.905518,479.751953 816.900085,480.976746 827.639648,476.122833 
	C838.118835,471.386627 843.862671,463.030884 843.827942,451.588379 
	C843.809814,445.624878 842.012634,439.666748 841.030640,433.295837 
	C854.484863,448.047729 848.807617,475.839142 825.555603,482.008514 
	C813.604736,485.179382 803.741943,481.428009 795.004150,473.459015 
	C794.446411,472.950378 794.232788,472.064453 793.700562,471.078369 
z"></path>
<path fill="#00A2E8" opacity="1.000000" stroke="none" d="
M645.000000,399.000000 
	C646.509583,399.099701 648.158875,398.836029 649.507568,399.354370 
	C666.021179,405.701233 683.035950,410.160126 700.768555,408.759552 
	C710.846680,407.963562 720.730469,404.731903 730.709534,402.633972 
	C732.573059,402.242188 734.473389,402.025604 736.679016,402.253540 
	C737.014771,403.557709 737.028259,404.336487 737.041687,405.115265 
	C720.898499,412.410461 703.877319,413.944519 686.186523,412.170532 
	C685.556763,411.141205 685.192261,410.766754 684.827759,410.392303 
	C684.552124,410.872650 684.276550,411.353027 684.000916,411.833374 
	C682.455322,411.814209 680.909729,411.795074 679.142700,411.145813 
	C678.556763,410.141205 678.192261,409.766754 677.827759,409.392303 
	C677.552185,409.872681 677.276550,410.353027 677.000916,410.833374 
	C676.095825,410.797546 675.190674,410.761749 674.103394,410.120789 
	C673.556763,409.141205 673.192261,408.766754 672.827759,408.392303 
	C672.552124,408.872650 672.276550,409.353027 672.000916,409.833374 
	C671.095825,409.797577 670.190674,409.761780 669.103394,409.120819 
	C668.556763,408.141205 668.192261,407.766754 667.827759,407.392303 
	C667.552185,407.872681 667.276550,408.353027 667.000916,408.833374 
	C666.406860,408.781494 665.812744,408.729645 665.067017,408.079285 
	C663.917358,407.345093 662.919434,407.209381 661.921448,407.073700 
	C661.921448,407.073700 662.002197,407.015076 661.958374,406.756378 
	C661.549011,406.128876 661.183472,405.760040 660.817993,405.391205 
	C660.545593,405.871918 660.273254,406.352631 660.000916,406.833374 
	C659.406860,406.781525 658.812744,406.729645 658.052551,406.054016 
	C657.205078,405.562622 656.523682,405.695007 655.842346,405.827423 
	C655.650574,405.782501 655.458862,405.737579 655.090271,405.079651 
	C654.223389,404.586884 653.533508,404.707092 652.843567,404.827301 
	C652.651550,404.782501 652.459534,404.737701 652.097290,404.081787 
	C650.258606,403.005127 648.590149,402.539520 646.921692,402.073914 
	C646.921692,402.073914 647.002441,402.015320 646.957520,401.734253 
	C646.275024,400.635468 645.637512,399.817749 645.000000,399.000000 
z"></path>
<path fill="#00A2E8" opacity="1.000000" stroke="none" d="
M603.000000,452.000000 
	C603.228149,450.934662 603.136353,449.627258 603.731995,448.839874 
	C614.398499,434.738800 625.158264,420.708252 635.871033,406.641998 
	C637.749207,404.175812 639.505127,401.616425 641.801819,399.379089 
	C642.538208,400.810242 642.790283,401.962341 643.042419,403.114441 
	C636.548584,412.722382 630.261963,422.479492 623.491577,431.888458 
	C618.567993,438.730835 613.005127,445.113190 607.110840,451.739868 
	C605.329590,451.852722 604.164795,451.926361 603.000000,452.000000 
z"></path>
<path fill="#00A2E8" opacity="1.000000" stroke="none" d="
M542.703979,359.082642 
	C543.541260,359.229156 544.984741,359.369202 545.470459,360.124847 
	C556.317932,377.001282 563.846436,395.272827 567.993469,414.903107 
	C569.147217,420.364624 570.293274,425.872589 570.746765,431.416168 
	C570.939453,433.771515 569.341003,436.273346 568.222778,438.876953 
	C567.261108,434.266052 566.222229,429.498657 566.083313,424.705231 
	C565.680054,410.792694 561.169739,397.934113 555.931885,385.376190 
	C552.205750,376.442444 547.263550,368.015839 542.703979,359.082642 
z"></path>
<path fill="#00A2E8" opacity="1.000000" stroke="none" d="
M756.722778,433.051422 
	C758.261841,432.832520 760.178894,432.378967 761.647888,432.994537 
	C768.760864,435.975403 775.574951,439.770721 782.848328,442.233948 
	C788.163696,444.034119 789.982605,447.737946 790.916321,452.311859 
	C792.089661,458.060242 792.761658,463.910980 793.426880,470.079956 
	C787.102844,463.954071 786.925598,455.787994 786.935608,447.520935 
	C775.943176,444.622253 765.617432,440.636475 756.722778,433.051422 
z"></path>
<path fill="#00A2E8" opacity="1.000000" stroke="none" d="
M353.074249,96.589157 
	C351.754791,95.911797 350.394043,94.865051 348.992889,93.787216 
	C354.942383,82.965576 356.482361,71.896156 353.925598,60.368530 
	C353.039917,56.375229 351.350037,52.560291 350.034973,48.274742 
	C356.226318,53.920658 358.223969,61.691681 358.973022,69.897789 
	C359.829437,79.280571 357.468445,87.999496 353.074249,96.589157 
z"></path>
<path fill="#00A2E8" opacity="1.000000" stroke="none" d="
M536.547607,470.175018 
	C537.592773,474.396790 538.874329,478.839050 538.875549,483.281677 
	C538.877747,491.684814 538.930359,499.896362 544.409363,506.970947 
	C544.863525,507.557343 544.797607,508.546509 544.965515,509.731567 
	C538.393066,503.841888 535.512207,495.847046 535.121094,487.080994 
	C534.874207,481.546356 535.803894,475.959259 536.547607,470.175018 
z"></path>
<path fill="#00A2E8" opacity="1.000000" stroke="none" d="
M276.563049,56.147984 
	C277.141846,56.507122 277.747101,57.191238 277.596863,57.592342 
	C273.972351,67.267502 277.278809,76.849281 278.234924,86.385468 
	C278.625793,90.283707 281.112457,93.971809 282.422333,98.097374 
	C273.097565,87.630592 270.974030,75.360832 274.573669,61.905624 
	C275.073761,60.036209 275.680237,58.195244 276.563049,56.147984 
z"></path>
<path fill="#00A2E8" opacity="1.000000" stroke="none" d="
M11.557108,298.158447 
	C12.200771,298.321167 12.779458,298.683929 12.784916,299.055145 
	C12.896844,306.667328 12.406770,314.336823 13.198627,321.872803 
	C13.695501,326.601471 16.098425,331.129852 17.423244,336.094086 
	C9.230564,327.250031 7.740205,316.475861 9.588497,304.930267 
	C9.943846,302.710541 10.670074,300.550171 11.557108,298.158447 
z"></path>
<path fill="#00A2E8" opacity="1.000000" stroke="none" d="
M195.903778,200.550018 
	C194.564804,199.676270 192.535934,198.538498 192.159210,196.996948 
	C190.520126,190.290085 189.362061,183.465683 188.035843,176.284760 
	C194.531189,182.697678 196.181870,191.094574 195.903778,200.550018 
z"></path>
<path fill="#00A2E8" opacity="1.000000" stroke="none" d="
M161.558990,458.154327 
	C162.121353,462.712555 161.886475,467.553192 162.712463,472.205505 
	C163.622543,477.331299 165.507034,482.284027 166.954086,487.701416 
	C159.777084,480.142853 157.026901,471.192017 160.697021,460.762329 
	C160.967972,459.992340 161.056259,459.158112 161.558990,458.154327 
z"></path>
<path fill="#00A2E8" opacity="1.000000" stroke="none" d="
M920.087341,266.420135 
	C921.160583,266.861053 923.169250,267.407196 923.540771,268.506592 
	C926.204773,276.389160 928.536011,284.384216 930.965332,292.729065 
	C924.160217,286.920807 922.483887,278.519409 920.993103,270.033081 
	C920.801147,268.940308 920.510071,267.864899 920.087341,266.420135 
z"></path>
<path fill="#00A2E8" opacity="1.000000" stroke="none" d="
M85.903687,311.572510 
	C84.581535,310.862061 82.614037,309.937683 82.199875,308.549835 
	C80.243149,301.992767 78.711342,295.308929 77.035248,288.277954 
	C83.146576,294.438019 85.380257,302.476685 85.903687,311.572510 
z"></path>
<path fill="#00A2E8" opacity="1.000000" stroke="none" d="
M737.418091,405.078339 
	C737.028259,404.336487 737.014771,403.557709 737.000610,402.389465 
	C738.283081,402.905304 740.158020,403.526825 740.750671,404.763123 
	C743.996643,411.533691 746.928101,418.455017 749.954346,425.707642 
	C746.643066,420.392029 743.343384,414.694244 740.048096,408.993896 
	C739.289124,407.680847 738.545227,406.359131 737.418091,405.078339 
z"></path>
<path fill="#00A2E8" opacity="1.000000" stroke="none" d="
M250.027969,365.354675 
	C254.711502,365.094482 265.362152,372.544220 266.421387,377.112000 
	C260.858032,373.530151 255.514175,369.598480 250.027969,365.354675 
z"></path>
<path fill="#00A2E8" opacity="1.000000" stroke="none" d="
M750.048584,426.374939 
	C753.165649,426.765472 756.318909,427.593750 756.421326,432.112946 
	C754.197205,430.538788 752.192505,428.614868 750.048584,426.374939 
z"></path>
<path fill="#00A2E8" opacity="1.000000" stroke="none" d="
M17.698620,337.073853 
	C21.182434,335.624573 22.346918,337.635101 22.421597,341.111603 
	C20.751469,340.088135 19.303247,338.716553 17.698620,337.073853 
z"></path>
<path fill="#00A2E8" opacity="1.000000" stroke="none" d="
M212.715393,228.043457 
	C216.365067,225.875290 217.563812,227.985016 217.964020,231.714294 
	C216.265244,230.840729 214.572968,229.567047 212.715393,228.043457 
z"></path>
<path fill="#00A2E8" opacity="1.000000" stroke="none" d="
M243.715424,360.043457 
	C247.364960,357.875397 248.563828,359.984924 248.964020,363.714233 
	C247.265259,362.840698 245.572998,361.567047 243.715424,360.043457 
z"></path>
<path fill="#00A2E8" opacity="1.000000" stroke="none" d="
M266.714539,378.043396 
	C269.580902,376.328033 271.458923,376.845367 271.166504,380.842529 
	C269.556793,380.131653 268.217804,379.211700 266.714539,378.043396 
z"></path>
<path fill="#00A2E8" opacity="1.000000" stroke="none" d="
M603.036499,452.346985 
	C604.164795,451.926361 605.329590,451.852722 606.809326,451.905334 
	C606.758606,452.791077 606.392944,453.550568 606.071289,454.634216 
	C605.101135,454.203552 604.087097,453.448730 603.036499,452.346985 
z"></path>
<path fill="#00A2E8" opacity="1.000000" stroke="none" d="
M643.363037,402.967499 
	C642.790283,401.962341 642.538208,400.810242 642.143066,399.329041 
	C642.750000,399.000000 643.500000,399.000000 644.625000,399.000000 
	C645.637512,399.817749 646.275024,400.635468 646.928467,401.774841 
	C645.857483,402.337860 644.770630,402.579193 643.363037,402.967499 
z"></path>
<path fill="#00A2E8" opacity="1.000000" stroke="none" d="
M241.041016,259.365692 
	C244.096603,258.729919 244.741516,260.823456 244.953888,263.703888 
	C243.684998,262.618011 242.428864,261.145233 241.041016,259.365692 
z"></path>
<path fill="#00A2E8" opacity="1.000000" stroke="none" d="
M227.021576,241.349396 
	C230.058258,240.735626 230.751724,242.796677 230.953827,245.702896 
	C229.679932,244.612640 228.418716,243.134460 227.021576,241.349396 
z"></path>
<path fill="#00A2E8" opacity="1.000000" stroke="none" d="
M248.688599,269.059631 
	C251.964355,267.758606 251.523804,270.477966 251.964813,272.723877 
	C250.918488,271.849640 249.879456,270.584900 248.688599,269.059631 
z"></path>
<path fill="#00A2E8" opacity="1.000000" stroke="none" d="
M237.688385,255.058990 
	C240.949692,253.754333 240.523041,256.458008 240.953949,258.701324 
	C239.907333,257.833374 238.873489,256.575989 237.688385,255.058990 
z"></path>
<path fill="#00A2E8" opacity="1.000000" stroke="none" d="
M231.037750,246.361115 
	C232.154480,247.288834 233.399597,248.518707 234.423340,250.096970 
	C233.190018,249.184662 232.178085,247.923965 231.037750,246.361115 
z"></path>
<path fill="#00A2E8" opacity="1.000000" stroke="none" d="
M245.037750,264.361084 
	C246.154449,265.288818 247.399582,266.518707 248.423309,268.096985 
	C247.190002,267.184662 246.178085,265.923950 245.037750,264.361084 
z"></path>
<path fill="#00A2E8" opacity="1.000000" stroke="none" d="
M234.686234,251.052399 
	C237.685104,249.546387 237.332291,251.995819 237.424500,254.089539 
	C236.411606,253.395874 235.622391,252.350067 234.686234,251.052399 
z"></path>
<path fill="#00A2E8" opacity="1.000000" stroke="none" d="
M647.094543,402.389984 
	C648.590149,402.539520 650.258606,403.005127 651.965820,403.816833 
	C650.425537,403.677338 648.846436,403.191681 647.094543,402.389984 
z"></path>
<path fill="#00A2E8" opacity="1.000000" stroke="none" d="
M282.686249,99.052429 
	C285.685150,97.546448 285.332336,99.995789 285.424500,102.089584 
	C284.411652,101.395943 283.622406,100.350113 282.686249,99.052429 
z"></path>
<path fill="#00A2E8" opacity="1.000000" stroke="none" d="
M910.050476,41.618439 
	C909.407166,41.170635 908.717896,40.396580 908.035461,39.253967 
	C908.696350,39.687672 909.350464,40.489933 910.050476,41.618439 
z"></path>
<path fill="#00A2E8" opacity="1.000000" stroke="none" d="
M912.061890,44.633972 
	C911.421814,44.187817 910.728271,43.417198 910.046753,42.277889 
	C910.708679,42.709305 911.358582,43.509411 912.061890,44.633972 
z"></path>
<path fill="#00A2E8" opacity="1.000000" stroke="none" d="
M662.082214,407.380981 
	C662.919434,407.209381 663.917358,407.345093 664.937012,407.798248 
	C664.053467,407.973206 663.148193,407.830719 662.082214,407.380981 
z"></path>
<path fill="#00A2E8" opacity="1.000000" stroke="none" d="
M672.323486,409.905029 
	C672.276550,409.353027 672.552124,408.872650 672.827759,408.392303 
	C673.192261,408.766754 673.556763,409.141205 673.940002,409.815704 
	C673.521179,410.069397 673.083557,410.023041 672.323486,409.905029 
z"></path>
<path fill="#00A2E8" opacity="1.000000" stroke="none" d="
M677.323486,410.905029 
	C677.276550,410.353027 677.552185,409.872681 677.827759,409.392303 
	C678.192261,409.766754 678.556763,410.141205 678.940002,410.815704 
	C678.521179,411.069397 678.083557,411.023041 677.323486,410.905029 
z"></path>
<path fill="#00A2E8" opacity="1.000000" stroke="none" d="
M684.323486,411.905029 
	C684.276550,411.353027 684.552124,410.872650 684.827759,410.392303 
	C685.192261,410.766754 685.556763,411.141205 685.940002,411.815735 
	C685.521179,412.069427 685.083557,412.023071 684.323486,411.905029 
z"></path>
<path fill="#00A2E8" opacity="1.000000" stroke="none" d="
M667.323486,408.905029 
	C667.276550,408.353027 667.552185,407.872681 667.827759,407.392303 
	C668.192261,407.766754 668.556763,408.141205 668.940002,408.815704 
	C668.521179,409.069397 668.083557,409.023041 667.323486,408.905029 
z"></path>
<path fill="#00A2E8" opacity="1.000000" stroke="none" d="
M660.320740,406.904724 
	C660.273254,406.352631 660.545593,405.871918 660.817993,405.391205 
	C661.183472,405.760040 661.549011,406.128876 661.929443,406.797089 
	C661.509827,407.056366 661.075195,407.016235 660.320740,406.904724 
z"></path>
<path fill="#00A2E8" opacity="1.000000" stroke="none" d="
M656.100464,405.899719 
	C656.523682,405.695007 657.205078,405.562622 657.922546,405.772949 
	C657.425354,406.067780 656.891968,406.019897 656.100464,405.899719 
z"></path>
<path fill="#00A2E8" opacity="1.000000" stroke="none" d="
M653.108521,404.899780 
	C653.533508,404.707092 654.223389,404.586884 654.959351,404.814880 
	C654.461365,405.099518 653.917358,405.035889 653.108521,404.899780 
z"></path>
<path fill="#00A2E8" opacity="1.000000" stroke="none" d="
M567.707825,439.984375 
	C567.965881,440.092224 567.973755,440.296021 567.969849,440.805817 
	C567.791321,440.767975 567.624512,440.424164 567.707825,439.984375 
z"></path>
<path fill="#00A2E8" opacity="1.000000" stroke="none" d="
M820.860962,48.728359 
	C820.576538,48.890999 820.366577,48.736141 820.111877,48.342117 
	C820.309631,48.269299 820.598999,48.371937 820.860962,48.728359 
z"></path>
<path fill="#00A2E8" opacity="1.000000" stroke="none" d="
M515.416138,300.113586 
	C509.653870,296.766296 504.108673,293.072418 499.326691,289.886932 
	C485.323151,300.630798 471.771332,311.704041 457.522186,321.792297 
	C439.017731,334.893158 418.369446,343.993164 396.033600,347.591431 
	C383.835510,349.556519 371.041443,348.558044 358.567139,347.911896 
	C336.103821,346.748322 316.049225,337.882385 296.807007,326.939758 
	C294.436951,325.591949 292.653992,324.849091 289.945465,326.901001 
	C281.517395,333.285919 272.765961,339.244019 263.986664,345.682983 
	C262.542084,345.176453 261.250793,344.354645 258.469604,342.584625 
	C260.702515,341.114868 262.097076,340.233582 263.454041,339.297699 
	C271.372070,333.837006 279.380859,328.499908 287.146118,322.829529 
	C290.406281,320.448853 293.185394,320.779053 296.311890,322.675842 
	C313.641022,333.189392 332.304840,340.596344 352.256195,343.704376 
	C378.256958,347.754791 403.374634,343.848206 427.469238,332.871429 
	C448.681549,323.207764 467.258423,309.775970 484.808777,294.706329 
	C486.566986,293.196625 488.507416,291.885559 490.173859,290.285065 
	C495.805878,284.875977 497.038177,284.698120 503.729431,289.102112 
	C507.258118,291.424622 510.781860,293.773529 514.120361,296.353149 
	C514.986694,297.022552 515.148071,298.604279 515.416138,300.113586 
z"></path>
<path fill="#00A2E8" opacity="1.000000" stroke="none" d="
M837.965576,99.732239 
	C834.566833,95.060478 831.175964,90.006454 827.049683,83.856163 
	C809.603882,82.024162 790.786438,82.963203 771.898499,86.805084 
	C746.098694,92.052849 722.346619,101.753471 700.326111,116.093910 
	C684.248657,126.564056 669.074768,138.125778 655.154968,151.331741 
	C653.629700,152.778778 651.993713,154.109177 650.701782,155.781708 
	C650.994446,156.069748 651.013855,156.021103 650.770935,155.717041 
	C650.057678,155.622040 649.587280,155.831116 649.116943,156.040192 
	C645.129761,154.220688 646.761353,151.703186 648.770691,149.900574 
	C670.275635,130.608017 692.821777,112.694237 718.795715,99.674576 
	C737.440369,90.328758 757.159729,83.762657 777.844360,81.203957 
	C791.777161,79.480469 805.943970,79.606308 820.011230,79.031410 
	C825.508728,78.806725 829.780273,80.493912 831.836731,86.406235 
	C833.396301,90.889862 835.893494,95.047348 837.965576,99.732239 
z"></path>
<path fill="#00A2E8" opacity="1.000000" stroke="none" d="
M701.965210,179.732269 
	C689.527832,173.386917 676.511169,171.440948 662.299438,172.757721 
	C639.533875,174.867035 620.033875,183.981903 602.207458,197.455505 
	C596.446716,201.809570 591.102600,206.756134 585.840515,211.720535 
	C571.930603,224.843628 558.110718,238.063797 544.382141,251.376434 
	C539.637451,255.977448 535.267456,260.964966 530.423035,265.906799 
	C526.319519,264.556824 527.612549,262.011047 529.395386,260.236542 
	C540.111389,249.570450 551.005554,239.083527 561.820007,228.516052 
	C566.428650,224.012650 570.967285,219.437668 575.575012,214.933365 
	C588.158813,202.632156 601.045166,190.686890 616.525208,182.003647 
	C629.244873,174.868851 642.889648,170.759964 657.390808,168.878174 
	C668.767517,167.401840 679.874451,167.826828 690.738892,171.224335 
	C695.176880,172.612183 701.033081,172.807968 701.965210,179.732269 
z"></path>
<path fill="#00A2E8" opacity="1.000000" stroke="none" d="
M755.415344,214.113892 
	C747.708008,210.398102 739.743774,207.415421 731.236572,209.195435 
	C722.712585,210.978973 714.307800,213.600739 706.091492,216.530228 
	C689.127136,222.578796 673.547852,231.518555 659.411316,242.481766 
	C646.952942,252.143600 635.420715,263.040894 623.847046,273.788330 
	C615.521973,281.519012 607.801514,289.900726 599.462524,298.017517 
	C595.894531,297.242004 596.592285,295.108856 598.058899,293.589539 
	C608.909546,282.348999 619.665466,271.000305 630.916443,260.168823 
	C637.939880,253.407196 645.686462,247.380310 653.260742,241.210495 
	C668.835938,228.523239 686.132202,218.869705 704.959167,211.819748 
	C715.605164,207.833237 726.327881,204.080338 737.806213,205.181808 
	C743.092285,205.689072 748.255920,207.973679 753.323486,209.859711 
	C754.426208,210.270142 754.880615,212.422348 755.415344,214.113892 
z"></path>
<path fill="#00A2E8" opacity="1.000000" stroke="none" d="
M472.964783,273.726929 
	C456.035828,266.473572 438.615967,260.905151 419.774048,260.984985 
	C402.644470,261.057587 386.444397,265.469940 371.131134,272.570709 
	C350.944702,281.931213 332.477417,294.222351 315.188812,308.255707 
	C313.303925,309.785675 311.164795,311.002411 308.988464,312.681335 
	C304.344574,310.669006 304.139496,309.658630 307.823547,307.102417 
	C321.425964,297.664307 334.851868,287.951477 348.730164,278.936249 
	C367.068237,267.023987 387.261414,259.349274 409.020660,257.222534 
	C427.385925,255.427505 445.374084,258.552338 462.505188,265.772064 
	C464.798981,266.738770 467.309875,267.383881 469.323792,268.758606 
	C470.864380,269.810272 471.779022,271.778839 472.964783,273.726929 
z"></path>
<path fill="#00A2E8" opacity="1.000000" stroke="none" d="
M345.965271,113.727753 
	C344.466766,112.912781 342.976074,111.711243 341.384460,110.428352 
	C337.081573,111.837715 332.061340,113.193405 327.332275,115.226433 
	C326.092651,115.759338 325.134003,118.381157 325.099396,120.065308 
	C324.625366,143.133728 323.655334,166.222534 324.216156,189.272034 
	C324.667938,207.839264 326.975525,226.368210 333.065430,244.562195 
	C331.792328,243.678635 329.632080,242.594666 329.279694,241.087906 
	C326.650391,229.845215 323.125977,218.613205 322.265900,207.198257 
	C320.659424,185.877213 320.499878,164.437943 320.082123,143.041153 
	C319.917358,134.602524 320.620575,126.143410 321.032806,117.698715 
	C321.213776,113.991707 322.265106,111.061790 326.819580,110.449181 
	C329.546509,110.082390 332.195526,108.759468 334.754242,107.591789 
	C341.532440,104.498528 343.912292,105.667641 345.965271,113.727753 
z"></path>
<path fill="#00A2E8" opacity="1.000000" stroke="none" d="
M543.953735,117.703308 
	C535.596619,113.867256 527.633484,108.418579 518.827515,105.679352 
	C501.252655,100.212479 483.852356,101.940834 468.055817,112.085670 
	C460.691833,116.814949 455.071228,123.419426 451.035095,131.863876 
	C449.557709,132.011780 448.778839,132.005890 448.000000,132.000000 
	C448.744202,124.043701 453.389130,118.137222 458.917664,113.146408 
	C477.558716,96.318527 499.523804,96.214432 521.952087,102.417862 
	C529.172729,104.415009 535.568787,109.503181 542.193726,113.427696 
	C543.199585,114.023499 543.395813,115.985817 543.953735,117.703308 
z"></path>
<path fill="#00A2E8" opacity="1.000000" stroke="none" d="
M791.964294,341.718994 
	C790.362488,342.206329 788.387756,341.718262 787.229126,342.476837 
	C769.499939,354.084229 758.233765,370.309174 754.196899,391.100311 
	C752.763123,398.484924 755.523560,405.596924 759.058472,412.587921 
	C757.679138,411.495514 755.874023,410.249359 754.865784,408.534668 
	C747.677979,396.310577 749.209534,384.085388 755.391907,372.049164 
	C762.293091,358.613556 770.842346,346.540344 784.107178,338.527649 
	C788.597595,335.815247 790.542297,336.492554 791.964294,341.718994 
z"></path>
<path fill="#00A2E8" opacity="1.000000" stroke="none" d="
M563.964355,339.719910 
	C562.717529,340.164062 561.137878,339.746277 560.302612,340.353119 
	C558.033020,342.002075 556.078674,344.084839 553.662354,346.305267 
	C572.587952,374.988434 582.910583,406.095825 583.903992,440.563049 
	C577.402344,439.271576 579.468628,433.240784 579.315918,429.654846 
	C578.246948,404.554504 570.768921,381.453766 559.194397,359.457672 
	C557.261719,355.784821 555.118774,352.223083 553.096741,348.596771 
	C550.314697,343.607574 554.200867,335.702454 559.779907,335.042908 
	C562.962280,334.666687 563.759827,336.735931 563.964355,339.719910 
z"></path>
<path fill="#00A2E8" opacity="1.000000" stroke="none" d="
M524.193359,226.799667 
	C517.546936,227.033905 511.196686,227.127197 504.852020,226.979004 
	C488.729706,226.602432 474.767700,220.460129 462.216705,210.696869 
	C460.148560,209.088058 458.183289,207.346985 456.028198,205.354874 
	C458.785400,206.230087 462.044250,206.914185 464.526398,208.686172 
	C481.182831,220.577133 499.482727,225.348465 519.777771,222.231262 
	C523.044495,221.729523 526.251404,221.476654 524.193359,226.799667 
z"></path>
<path fill="#00A2E8" opacity="1.000000" stroke="none" d="
M807.506592,421.954987 
	C807.444397,414.243408 808.390320,406.441010 807.862976,398.739502 
	C806.714722,381.970947 804.737671,365.265564 796.963867,349.934692 
	C795.865845,347.769257 794.449951,345.765015 793.033569,343.364441 
	C794.808594,344.793060 797.328979,346.202606 798.553711,348.350800 
	C804.953735,359.577057 807.916626,371.996826 809.862000,384.612183 
	C811.040527,392.254730 811.643311,400.027222 811.859680,407.759399 
	C811.966064,411.558746 808.431030,415.104675 810.525269,419.379517 
	C810.685669,419.707001 808.787781,421.042847 807.506592,421.954987 
z"></path>
<path fill="#00A2E8" opacity="1.000000" stroke="none" d="
M422.415283,153.113861 
	C412.453949,150.636932 402.746765,147.686096 392.958801,145.033295 
	C380.694397,141.709305 369.751465,136.003860 360.028625,127.355392 
	C363.119232,128.360458 366.614624,129.255539 369.540649,131.069214 
	C382.196899,138.913971 396.330200,142.155304 410.650543,145.027832 
	C413.692993,145.638123 416.727875,146.840622 419.430634,148.365219 
	C420.869202,149.176682 421.589233,151.261948 422.415283,153.113861 
z"></path>
<path fill="#00A2E8" opacity="1.000000" stroke="none" d="
M447.673706,132.165588 
	C448.778839,132.005890 449.557709,132.011780 450.725830,132.029755 
	C444.614899,149.132248 448.517273,164.952042 457.047607,180.578522 
	C456.399963,180.593414 455.424011,180.428467 455.048096,179.863937 
	C446.043793,166.342499 441.576294,151.764374 445.133453,135.453918 
	C445.383667,134.306625 446.587219,133.367233 447.673706,132.165588 
z"></path>
<path fill="#00A2E8" opacity="1.000000" stroke="none" d="
M626.964905,391.726746 
	C617.934143,385.843475 608.910583,379.572479 599.717407,373.048584 
	C603.023376,370.157227 604.592102,374.016693 606.621155,375.216125 
	C612.727478,378.825867 618.572144,382.900299 624.340698,387.041779 
	C625.598145,387.944550 626.114502,389.879486 626.964905,391.726746 
z"></path>
<path fill="#00A2E8" opacity="1.000000" stroke="none" d="
M446.416382,193.100220 
	C442.131012,185.785583 437.990356,178.172501 434.042908,170.460510 
	C432.730469,167.896408 431.913849,165.078537 430.705688,162.089905 
	C431.453766,162.083145 432.931580,162.104691 433.195526,162.681610 
	C437.764526,172.668243 442.184204,182.723190 446.416382,193.100220 
z"></path>
<path fill="#00A2E8" opacity="1.000000" stroke="none" d="
M531.964844,312.726410 
	C526.600769,309.176788 521.243896,305.239075 515.717468,301.048553 
	C518.812012,298.298462 520.627930,301.575897 522.131714,303.066315 
	C525.337280,306.243195 531.354553,306.494659 531.964844,312.726410 
z"></path>
<path fill="#00A2E8" opacity="1.000000" stroke="none" d="
M549.964233,122.716858 
	C548.031311,121.634499 546.105042,120.154533 544.044067,118.366837 
	C547.213684,117.652550 549.899109,118.126564 549.964233,122.716858 
z"></path>
<path fill="#00A2E8" opacity="1.000000" stroke="none" d="
M760.964111,218.714157 
	C759.264099,217.839508 757.570618,216.564590 755.711731,215.042419 
	C759.360718,212.875275 760.563232,214.981705 760.964111,218.714157 
z"></path>
<path fill="#00A2E8" opacity="1.000000" stroke="none" d="
M594.419678,368.100311 
	C592.522522,367.195374 590.843140,365.926849 589.024841,364.350464 
	C591.611938,364.014648 594.741638,363.358154 594.419678,368.100311 
z"></path>
<path fill="#00A2E8" opacity="1.000000" stroke="none" d="
M427.420715,157.095612 
	C425.760498,156.405441 424.319397,155.347733 422.713135,154.042801 
	C425.713776,152.223190 427.436005,153.157349 427.420715,157.095612 
z"></path>
<path fill="#00A2E8" opacity="1.000000" stroke="none" d="
M599.420654,372.095581 
	C597.760498,371.405426 596.319458,370.347748 594.713257,369.042847 
	C597.714050,367.223053 599.435974,368.157623 599.420654,372.095581 
z"></path>
<path fill="#00A2E8" opacity="1.000000" stroke="none" d="
M453.964844,202.726532 
	C452.696259,201.634155 451.435089,200.153961 450.041748,198.366470 
	C453.113098,197.730118 453.741852,199.845322 453.964844,202.726532 
z"></path>
<path fill="#00A2E8" opacity="1.000000" stroke="none" d="
M449.953857,197.701050 
	C448.906219,196.832062 447.871368,195.573410 446.684937,194.057770 
	C449.947540,192.751266 449.522888,195.455963 449.953857,197.701050 
z"></path>
<path fill="#00A2E8" opacity="1.000000" stroke="none" d="
M430.419189,161.089630 
	C429.408722,160.392975 428.619202,159.346405 427.682495,158.050751 
	C430.680573,156.550934 430.337341,158.986679 430.419189,161.089630 
z"></path>
<path fill="#00A2E8" opacity="1.000000" stroke="none" d="
M457.046936,181.277756 
	C457.708801,181.709351 458.358643,182.509476 459.062012,183.634048 
	C458.421967,183.187759 457.728424,182.417023 457.046936,181.277756 
z"></path>
<!-- Добавленная надпись ETN -->
<text x="507" y="268"
		font-family="Arial, Helvetica, sans-serif"
		font-weight="bold"
		font-size="155"
		fill="#00156F"
		text-anchor="middle"
		dominant-baseline="central"
		letter-spacing="4">
	ETN
</text>
<text x="507" y="268"
		font-family="Arial, Helvetica, sans-serif"
		font-weight="bold"
		font-size="140"
		fill="#FFFFFF"
		text-anchor="middle"
		dominant-baseline="central"
		letter-spacing="4">
	ETN
</text>
</g>
</svg>